# keyframe format v1
fps 0
0
132
180
240
300
360
420
480
744
882
1131
1303
1443
1447
1448
1450
1465
1472
1515
1546
1609
1651
1684
1715
1716
1717
1989
1992
1994
2000
2048
2111
2128
2170
2218
2294
2365
2497
2626
2668
2698
2740
2822
2899
2911
2919
2936
2990
3020
3113
3115
3122
3134
3166
3212
3255
3332
3484
3605
3677
3735
3824
3882
3964
4030
4110
4194
4278
4388
4454
4650
4704
4754
4788
4856
4894
4917
4940
5090
5120
5193
5255
5336
5400
5606
5656
5734
5841
5978
6064
6178
6319
6343
6399
6468
6558
6616
6653
6699
6834
6873
6945
7123
7252
7306
7437
7647
7729
7789
7861
7909
7969
8047
8119
8309
8430
8574
8730
8862
8940
9082
9129
9328
9454
9502
9643
9763
9836
9890
9952
10022
10093
10147
10281
10377
10430
10466
10625
10681
10761
10888
10969
11039
11195
11243
11297
11417
11495
11554
11602
11812
11908
11971
12091
12151
12236
12286
12295
12313
12315
12316
12317
12318
12366
12448
12555
12559
12561
12627
12799
12857
12921
12993
13173
13215
13487
13752
13872
13929
14084
14118
14232
14283
14403
14514
14712
14841
15083
15132
15276
15420
15492
15630
15759
15971
16178
16232
16358
16537
16655
16787
16847
16915
17071
17155
17230
17314
17386
17458
17530
17650
17674
17794
17866
17936
18044
18155
18299
18356
18429
18474
18534
18591
18651
18765
18825
18880
19123
19228
19348
19408
19498
19582
19702
19780
19921
20026
20236
20379
20408
20454
20486
20585
20588
20732
20828
20936
20964
21051
21282
21424
21426
21427
21428
21429
21470
21505
21511
21513
21905
22022
22043
22106
22269
22449
22581
22707
22779
22875
22917
23019
23080
23116
23155
23293
23329
23503
23599
23707
23755
23815
23863
23913
24003
24033
24117
24179
24305
24460
24508
24556
24664
24721
24796
24835
24892
24934
24958
25027
25078
25129
25171
25243
25327
25372
25406
25453
25463
25505
25553
25601
25649
25721
25805
25865
25949
26105
26177
26237
26279
26321
26417
26441
26455
26502
26511
26552
26664
26700
26748
26808
26928
27108
27192
27264
27402
27474
27558
27592
27744
27804
27864
27928
28012
28156
28234
28318
28456
28528
28600
28713
28761
28815
29007
29064
29124
29256
29355
29487
29617
29665
29749
29809
29995
30241
30421
30473
30479
30489
30515
30520
30620
30626
30695
30779
30863
30923
30994
31087
31195
31261
31627
31762
31978
32206
32317
32470
32686
32869
33031
33250
33259
33343
33431
33503
33565
33678
33701
33728
33751
33796
33817
33847
33871
33904
33946
34036
34097
34148
34157
34229
34403
34576
34772
34893
34927
34979
35035
35089
35158
35245
35453
35482
35614
35686
35752
35860
36206
36246
36290
36358
36442
36620
36692
36782
36944
36988
36990
37027
37136
37496
37616
37640
37754
37878
37950
38064
38148
38352
38496
38712
38753
38813
39032
39098
39219
39291
39369
39427
39500
39584
39752
39848
39935
40026
40076
40116
40171
40260
40292
40349
40382
40432
40522
40585
40622
40661
40693
40715
40739
40772
40802
40832
40859
40878
40908
40958
40994
41032
41087
41089
41146
41167
41180
41222
41292
41295
41342
41381
41460
41462
41517
41539
41565
41650
41745
41825
42006
42069
42129
42223
42285
42310
42392
42469
42528
